1.951000000000000156e+01
3.183999999999999986e+01
4.114000000000000057e+01
4.785999999999999943e+01
5.284000000000000341e+01
5.700000000000000000e+01
6.045000000000000284e+01
6.264999999999999858e+01
6.462999999999999545e+01
6.634000000000000341e+01
6.789000000000000057e+01
6.909999999999999432e+01
7.028000000000000114e+01
7.128000000000000114e+01
7.217000000000000171e+01
7.300000000000000000e+01
7.379999999999999716e+01
7.446999999999999886e+01
7.510999999999999943e+01
7.570000000000000284e+01
7.626999999999999602e+01
7.681000000000000227e+01
7.729999999999999716e+01
7.778000000000000114e+01
7.823000000000000398e+01
7.867000000000000171e+01
7.909000000000000341e+01
7.948999999999999488e+01
7.987999999999999545e+01
8.026000000000000512e+01
8.062000000000000455e+01
8.098000000000000398e+01
8.131999999999999318e+01
8.165000000000000568e+01
8.198000000000000398e+01
8.229000000000000625e+01
8.259000000000000341e+01
8.289000000000000057e+01
8.318000000000000682e+01
8.346999999999999886e+01
8.375000000000000000e+01
8.401999999999999602e+01
8.429000000000000625e+01
8.454999999999999716e+01
8.479999999999999716e+01
8.504000000000000625e+01
8.529000000000000625e+01
8.551999999999999602e+01
8.576000000000000512e+01
8.598000000000000398e+01
8.620999999999999375e+01
8.643000000000000682e+01
8.665999999999999659e+01
8.687000000000000455e+01
8.707999999999999829e+01
8.729000000000000625e+01
8.748999999999999488e+01
8.768999999999999773e+01
8.789000000000000057e+01
8.809000000000000341e+01
8.828000000000000114e+01
8.846999999999999886e+01
8.865000000000000568e+01
8.884000000000000341e+01
8.901999999999999602e+01
8.920000000000000284e+01
8.937000000000000455e+01
8.954000000000000625e+01
8.970999999999999375e+01
8.987999999999999545e+01
9.004999999999999716e+01
9.020999999999999375e+01
9.037000000000000455e+01
9.053000000000000114e+01
9.068999999999999773e+01
9.084000000000000341e+01
9.098999999999999488e+01
9.115000000000000568e+01
9.129000000000000625e+01
9.143999999999999773e+01
9.159000000000000341e+01
9.173000000000000398e+01
9.187000000000000455e+01
9.201000000000000512e+01
9.215000000000000568e+01
9.228000000000000114e+01
9.242000000000000171e+01
9.254999999999999716e+01
9.268000000000000682e+01
9.281000000000000227e+01
9.293999999999999773e+01
9.306000000000000227e+01
9.318999999999999773e+01
9.331000000000000227e+01
9.343999999999999773e+01
9.356000000000000227e+01
9.368000000000000682e+01
9.379000000000000625e+01
9.390999999999999659e+01
9.401999999999999602e+01
9.414000000000000057e+01
9.425000000000000000e+01
9.435999999999999943e+01
9.446999999999999886e+01
9.457999999999999829e+01
9.468999999999999773e+01
9.479000000000000625e+01
9.490000000000000568e+01
9.500000000000000000e+01
9.510999999999999943e+01
9.520999999999999375e+01
9.531000000000000227e+01
9.540999999999999659e+01
9.551000000000000512e+01
9.560999999999999943e+01
9.570000000000000284e+01
9.579999999999999716e+01
9.590000000000000568e+01
9.598999999999999488e+01
9.607999999999999829e+01
9.617000000000000171e+01
9.626000000000000512e+01
9.634999999999999432e+01
9.643999999999999773e+01
9.653000000000000114e+01
9.660999999999999943e+01
9.670000000000000284e+01
9.678000000000000114e+01
9.685999999999999943e+01
9.695000000000000284e+01
9.703000000000000114e+01
9.710999999999999943e+01
9.718000000000000682e+01
9.726000000000000512e+01
9.734000000000000341e+01
9.742000000000000171e+01
9.748999999999999488e+01
9.756000000000000227e+01
9.764000000000000057e+01
9.770999999999999375e+01
9.778000000000000114e+01
9.784999999999999432e+01
9.792000000000000171e+01
9.798999999999999488e+01
9.806000000000000227e+01
9.812000000000000455e+01
9.818999999999999773e+01
9.826000000000000512e+01
9.831999999999999318e+01
9.839000000000000057e+01
9.845000000000000284e+01
9.851000000000000512e+01
9.856999999999999318e+01
9.862999999999999545e+01
9.868999999999999773e+01
9.875000000000000000e+01
9.881000000000000227e+01
9.887000000000000455e+01
9.892000000000000171e+01
9.898000000000000398e+01
9.903000000000000114e+01
9.909000000000000341e+01
9.914000000000000057e+01
9.918999999999999773e+01
9.923999999999999488e+01
9.929000000000000625e+01
9.934000000000000341e+01
9.939000000000000057e+01
9.943999999999999773e+01
9.948999999999999488e+01
9.953000000000000114e+01
9.957999999999999829e+01
9.962000000000000455e+01
9.965999999999999659e+01
9.970000000000000284e+01
9.973999999999999488e+01
9.976999999999999602e+01
9.981000000000000227e+01
9.984999999999999432e+01
9.987999999999999545e+01
9.990999999999999659e+01
9.993999999999999773e+01
9.996999999999999886e+01
1.000000000000000000e+02
1.000000000000000000e+02
1.000000000000000000e+02
1.000000000000000000e+02
1.000000000000000000e+02
1.000000000000000000e+02
