1.951240087587078875e+01
1.232763460821829682e+01
9.297127365776399088e+00
6.725392933474863888e+00
4.981633728876963652e+00
4.153719807188474000e+00
3.456362772324472754e+00
2.196188812609609631e+00
1.979066533960048613e+00
1.706974264740794833e+00
1.552102582615793036e+00
1.215113998893654346e+00
1.175377381098569485e+00
1.001073216020727408e+00
8.928709020277271202e-01
8.249022468546242104e-01
7.973214414422686858e-01
6.729095846338188913e-01
6.385012203180092660e-01
5.970003031595950693e-01
5.658563764580287758e-01
5.370816465609379309e-01
4.930314045113906585e-01
4.836571921458682199e-01
4.507205158669229106e-01
4.315140646592772744e-01
4.223117515846817605e-01
4.055813953913691150e-01
3.857323019454346746e-01
3.812343060218244539e-01
3.645516188471377705e-01
3.523791799207614539e-01
3.462286993154428116e-01
3.278245987506320791e-01
3.260268893985065475e-01
3.099245259951499687e-01
3.064995141222776609e-01
2.957467800881649067e-01
2.942869718943852964e-01
2.893109237390164568e-01
2.788306147869551999e-01
2.689755139521244343e-01
2.661139650420354386e-01
2.583697126674735500e-01
2.498029182538911985e-01
2.490475865154353763e-01
2.421466313595952435e-01
2.359061624797050838e-01
2.333268775142343376e-01
2.273052917905725168e-01
2.266735048909941375e-01
2.246224316471693572e-01
2.208735693698979097e-01
2.151073120014415918e-01
2.113421516255274135e-01
2.091535153695125160e-01
2.029726400679852938e-01
1.989908739551154160e-01
1.980581719301316712e-01
1.957669389785341996e-01
1.909492435184925729e-01
1.898728124012802609e-01
1.863480712244119097e-01
1.856666673257898748e-01
1.784314482322688078e-01
1.778645822984310232e-01
1.753899596562174534e-01
1.723303402240059790e-01
1.699515789816564149e-01
1.693541059690173156e-01
1.653607232275348948e-01
1.638867650417019373e-01
1.616648118403115619e-01
1.579848638392724047e-01
1.569795541758923774e-01
1.538156680095632001e-01
1.525731137406106941e-01
1.509610062797558938e-01
1.476696922850184168e-01
1.465329970734075005e-01
1.461466610939803901e-01
1.440641375689661052e-01
1.405393197084740253e-01
1.386021722415814450e-01
1.378617290390615480e-01
1.347153247875654269e-01
1.335700876433515982e-01
1.320874331678586477e-01
1.306584257407075178e-01
1.295359945275264268e-01
1.290567481516825821e-01
1.280018940693100626e-01
1.261438669991390704e-01
1.222539650526853622e-01
1.220689625013114676e-01
1.204007442238267944e-01
1.194250038030283123e-01
1.172424094197528771e-01
1.164244930543609918e-01
1.151426716350406887e-01
1.142444283006996547e-01
1.124317839982282435e-01
1.099894280034229704e-01
1.098452163999577152e-01
1.078825545124408591e-01
1.078432816960995799e-01
1.058972947212085125e-01
1.057647886489303246e-01
1.049487302924230342e-01
1.032930368422150663e-01
1.017317529908639828e-01
1.011210023797824570e-01
1.007109659540065955e-01
9.883643622969613685e-02
9.779261524240052961e-02
9.709082993821914476e-02
9.665744927055190672e-02
9.595531775593899027e-02
9.441828572827902499e-02
9.245582452337530732e-02
9.154616612835120293e-02
8.917839250063765155e-02
8.847189163509688870e-02
8.754485161973124541e-02
8.730450306500008029e-02
8.632009715112394510e-02
8.494829978659360070e-02
8.332842160442893720e-02
8.252437886082625296e-02
8.163094743157060795e-02
8.029709404991119959e-02
7.899169667674772743e-02
7.859830181901746038e-02
7.813655972513149084e-02
7.707890808352149681e-02
7.610558158880337265e-02
7.546561123636075230e-02
7.366951861168101467e-02
7.294912726056621000e-02
7.228473921575426231e-02
7.076915986898758837e-02
7.050243960418635381e-02
6.870470400622788465e-02
6.829893359532326902e-02
6.742108136949508113e-02
6.718773047357153028e-02
6.660597823665607986e-02
6.639991196361412495e-02
6.598969350999821237e-02
6.424925179705190392e-02
6.300949908630971985e-02
6.230512051385234812e-02
6.132944145392516672e-02
6.049605493003367557e-02
5.951843085340636358e-02
5.893783094023255509e-02
5.837491339034090593e-02
5.680756567053537459e-02
5.632765146788037275e-02
5.541494988410829853e-02
5.481041940863745632e-02
5.401379792172725930e-02
5.291456929777746399e-02
5.282386199608931493e-02
5.153146238667940388e-02
5.003753141146020239e-02
4.940059399340134688e-02
4.881612336598811080e-02
4.821747599090771275e-02
4.609000467018799230e-02
4.542344316073664012e-02
4.508043301163629918e-02
4.188132233855508535e-02
4.164974106087820233e-02
3.947452738942409944e-02
3.800733594598039444e-02
3.657151124983434864e-02
3.623119039454238133e-02
3.518797475377811318e-02
3.394429705319116503e-02
3.253127153913291936e-02
3.055328218256465542e-02
2.929780260236841335e-02
2.748190148430814522e-02
3.959211514860741852e-30
1.035147468629133482e-30
8.842591366483859937e-31
6.599581590357639314e-31
5.983732578726135267e-31
